56271872
33950064
29944184
25956096
17420636
11764797
11073318
10078245
8799755
8397205
8058110
7725512
7557477
7097981
7037543
6139336
6048903
5741803
5662527
5202501
5113263
5091841
5061050
4580906
4346500
4228287
4108111
4015425
3971997
3894211
3703342
3415846
3340398
3323884
3277699
3224178
3027134
2832569
2820265
2802481
2641417
2637136
2509917
2491655
2472663
2400858
2357654
2320022
2241145
1980046
1961200
1951102
1899787
1875351
1792712
1703963
1680164
1665366
1658553
1605908
1602329
1573117
1571110
1533530
1508779
1498473
1476767
1462382
1449681
1424595
1414687
1400642
1373270
1318367
1317723
1280625
1273589
1255636
1210074
1192154
1188501
1185720
1171742
1136757
1135294
1120163
1117089
1108116
1093366
1090510
1084286
1075612
1056659
1021822
989808
978575
978196
974419
966602
923053
922130
899673
889691
887917
883846
882331
881975
878621
873144
873007
863478
860027
829823
825485
819684
816536
807600
799596
792925
792220
791686
788124
787455
770603
761957
758856
750750
748992
745230
744168
740270
729829
715780
704444
701741
690186
689376
680833
674623
673810
671168
656486
654512
648227
647788
640067
621773
613918
610168
608042
591821
588615
570877
569459
567559
564674
559207
554003
552668
547420
545832
544251
541692
536737
534154
533985
531797
526137
520922
517564
517557
512481
502146
501669
498040
496496
495834
495443
495189
484878
484599
479849
479034
475277
470313
467157
466338
465587
461472
458312
456267
447884
447491
445602
435059
433393
432637
432491
432016
431120
430389
429972
428871
427021
426104
424696
424320
422407
420788
420044
419315
418862
416463
415673
415355
413499
413101
405810
398727
390988
387790
387549
385303
385081
384156
382266
380328
373898
373813
371831
369761
369036
366719
366630
359970
355857
355656
355467
354212
352828
351253
350537
349925
349691
349685
344377
344141
342388
337544
337367
335210
334332
333883
330567
328630
328324
326524
326391
326386
326243
325793
325791
325719
325327
324509
322870
322643
322465
318937
316490
315642
313167
311818
309653
308025
307506
307223
304955
304735
304489
304240
301283
298191
296798
296795
295916
295745
295078
293866
293593
291647
291427
289997
289304
287876
286847
284431
281965
279864
279821
278870
278365
277682
277227
275990
275607
275221
273746
272173
271641
271588
270503
269414
268542
267878
266672
265947
265138
264662
264606
263613
263585
262689
262571
260746
260596
259916
257964
255885
255789
255212
254373
252812
251252
251163
249677
249533
249063
247480
246792
246251
244426
244138
243712
242753
242269
242201
242178
242099
241091
240652
240280
240009
239735
239025
238734
238281
237964
237481
235474
235012
234544
233771
233197
233158
230819
230485
230401
230300
229940
229913
226953
226661
226391
226216
226205
224811
224569
224326
224049
222546
222315
222264
220598
218623
218510
218372
218118
217840
216356
215147
214339
213257
213124
213072
212548
212369
211722
211668
211299
211043
210031
209099
208344
208199
206740
206329
206216
205687
205653
204955
204686
203956
203331
202041
201451
200224
200145
199969
199658
199560
198566
198498
198187
198128
196739
196729
196458
196252
195905
195594
194903
194298
192763
192719
192229
191272
191148
190649
190563
188915
188316
186609
186256
186136
185862
184612
184074
184068
183059
182978
181866
180998
180061
179739
179347
178877
178452
178084
178001
177232
176728
176635
176467
176320
175980
175520
174236
173897
173544
172990
172901
172692
172467
171690
171309
170962
170695
170143
169913
169470
169086
168723
168713
168545
168408
167805
166395
165752
164850
164703
164326
164147
163819
163514
163341
163269
162869
162687
162605
162328
162154
162105
161953
161549
160626
160547
159794
158664
158344
158204
158200
157578
157416
157210
156851
156616
155743
155480
155472
154977
154840
154582
154536
154457
154261
154046
154001
153940
153830
153829
153299
152972
152889
152625
151661
151651
151612
151108
151043
150281
149696
149690
149601
149323
148795
148744
148124
147435
147401
146483
146062
145998
145980
145817
145606
145490
145440
145393
145244
145131
144925
144688
144022
143658
143625
142952
141958
141745
141597
141588
141517
141402
141246
140679
140667
140608
139711
139167
138288
138228
137871
136616
136507
136296
136265
135902
135512
135386
134689
134351
134257
134075
134048
133975
133771
133663
133159
133084
133030
132785
132560
132368
132288
132096
132045
131617
131509
131397
130867
130590
130394
130376
130255
130079
129644
129586
129473
129411
129325
129276
129116
129075
129046
128067
128053
127758
127468
127167
126799
126761
126469
126431
125885
125830
125827
125401
125006
124634
123820
123703
123421
123182
122264
122201
121603
121276
121207
120739
120733
120733
120590
120186
120145
119807
119753
119666
119506
119114
118860
118852
118834
118754
118641
118443
118250
118114
117921
117386
117251
116955
116586
116568
116467
116402
115905
115788
115195
115006
114054
113807
113611
113578
113357
113352
113104
112921
112889
112447
112285
112125
112044
111849
111678
111194
111114
110932
110898
110834
110754
110549
110500
110314
110296
110250
110061
109894
109837
109662
109449
109354
109330
109160
108983
108781
108701
108633
108580
108544
108419
108346
108299
108140
108097
108072
108034
107787
107496
107475
107414
107167
107012
106996
106992
106981
106858
106661
106591
106445
106415
106184
106108
105775
105765
105588
105412
105403
104938
104606
104448
104326
104205
103981
103755
103497
103468
103346
102885
102872
102830
102801
102355
102206
102124
102039
101875
101780
101771
101717
101569
101139
101117
101061
101037
100710
100695
100522
100504
100499
100292
100235
100166
99803
99654
99561
99439
99304
99220
99157
99073
98994
98872
98773
98758
98756
98714
98705
98651
98497
98232
97991
97628
97567
97353
97334
97093
96908
96834
96735
96681
96547
96465
96413
96198
96182
96170
96110
95979
95538
95523
95398
95391
95371
95303
95149
95127
95049
94978
94833
94706
94578
94480
94379
94284
94123
93912
93866
93839
93675
93470
93398
93384
93235
92990
92800
92446
92292
92260
92217
92204
91995
91985
91968
91937
91592
91392
91305
91207
91115
90923
90632
90513
90412
90385
90352
90319
90034
89756
89723
89650
89562
89480
89151
89125
88381
88207
88164
88133
88005
87879
87876
87793
87573
87538
87445
87340
87300
87235
87195
87073
86744
86702
86560
86478
86271
86256
86240
86157
86132
86122
86020
86008
85992
85940
85875
85873
85833
85777
85761
85701
85694
85488
85453
85391
85325
85256
84796
84789
84783
84750
84637
84636
84584
84518
84500
84365
84323
84298
84153
84141
84072
84004
83940
83908
83853
83814
83716
83639
83486
83482
83421
83248
83151
83147
83124
83075
83039
82918
82883
82839
82830
82761
82725
82644
82623
82566
82562
82338
82223
82126
82118
82035
81974
81962
81899
81890
81804
81671
81624
81479
81457
81396
81392
81232
81207
81109
81056
80756
80651
80463
80426
80294
80293
80239
80239
80069
80046
79876
79860
79819
79752
79751
79635
79605
79482
79432
79425
79418
79376
79366
79301
79280
79225
79201
79179
79163
79110
79085
79053
78858
78809
78788
78564
78317
78305
78281
78246
78173
78039
77716
77368
77327
77300
77286
77261
77249
77220
77183
77028
76976
76974
76922
76672
76596
76592
76560
76547
76541
76495
76402
76333
76067
76059
75990
75918
75874
75859
75856
75850
75813
75473
75429
75422
75404
75347
75253
75209
75153
75150
75128
74981
74906
74834
74745
74505
74438
74413
74391
74378
74342
74293
74266
74220
74210
74195
74053
74035
73914
73906
73882
73833
73826
73755
73726
73622
73581
73527
73443
73437
73338
73327
73313
73302
73281
73266
73232
73182
73178
73076
72925
72890
72815
72644
72570
72550
72545
72509
72450
72404
72333
72268
72252
72166
72160
72098
72033
71894
71888
71884
71878
71849
71766
71751
71744
71688
71654
71582
71558
71399
71195
71190
71072
71042
71040
70948
70861
70763
70649
70643
70641
70609
70524
70513
70452
70414
70264
70256
70228
70213
70066
70018
69973
69861
69854
69771
69761
69731
69666
69664
69634
69628
69603
69601
69594
69532
69507
69442
69414
69368
69287
69279
69212
69115
69073
68995
68931
68904
68882
68874
68830
68603
68505
68471
68394
68234
68193
68050
67942
67880
67815
67762
67660
67596
67589
67551
67492
67423
67318
67277
67259
67229
67152
67088
67063
66998
66981
66946
66940
66827
66803
66590
66498
66475
66429
66263
66262
66220
66141
66066
66054
66003
65994
65960
65884
65819
65708
65645
65640
65615
65581
65564
65556
65554
65396
65284
65255
65118
65017
64982
64971
64836
64720
64706
64658
64642
64592
64403
64397
64364
64311
64270
64227
64155
64055
64005
63988
63988
63905
63861
63854
63851
63793
63774
63774
63767
63717
63711
63709
63695
63577
63558
63536
63526
63492
63479
63422
63420
63340
63312
63252
63179
63162
63155
63124
63090
63067
63064
63013
62979
62951
62941
62895
62856
62831
62815
62808
62770
62740
62726
62649
62645
62587
62536
62479
62460
62316
62288
62147
62138
62119
62114
61966
61954
61954
61920
61892
61786
61503
61384
61377
61338
61325
61313
61248
61220
61160
61096
60998
60987
60983
60982
60967
60926
60896
60858
60836
60770
60752
60647
60553
60553
60525
60525
60475
60435
60402
60384
60339
60298
60226
60210
60200
60085
60068
60044
60002
59979
59969
59925
59873
59843
59831
59634
59632
59569
59565
59510
59479
59413
59406
59324
59261
59180
59172
59171
59160
59051
58979
58941
58939
58899
58892
58840
58811
58805
58805
58789
58760
58710
58699
58669
58632
58556
58551
58498
58458
58451
58378
58369
58268
58218
58195
58188
58148
58140
58106
58088
58020
57960
57959
57946
57772
57721
57714
57661
57518
57509
57495
57471
57458
57456
57449
57389
57388
57341
57326
57295
57292
57283
57251
57225
57211
57199
57187
57115
57040
57038
57035
56981
56835
56832
56807
56755
56748
56740
56737
56699
56630
56603
56561
56555
56527
56509
56455
56113
56094
55893
55850
55849
55847
55827
55810
55776
55771
55718
55667
55666
55657
55626
55610
55604
55599
55588
55576
55568
55551
55452
55431
55405
55400
55327
55324
55307
55264
55227
55209
55193
55186
55161
55161
55123
55074
55021
54999
54945
54938
54922
54921
54920
54835
54816
54796
54772
54764
54731
54720
54627
54559
54524
54471
54426
54407
54381
54363
54343
54333
54172
54172
54168
54149
54147
54054
54031
54020
54009
54009
53975
53930
53915
53904
53846
53834
53783
53776
53768
53753
53742
53699
53673
53589
53551
53541
53527
53502
53488
53423
53413
53386
53168
53157
53113
53096
53061
52958
52920
52901
52896
52869
52846
52841
52710
52703
52677
52676
52657
52657
52618
52615
52606
52581
52519
52512
52512
52482
52449
52407
52378
52322
52312
52292
52212
52201
52123
52105
52100
52050
52049
52000
51981
51950
51940
51907
51888
51832
51818
51798
51777
51713
51687
51674
51668
51593
51591
51547
51540
51456
51427
51396
51394
51380
51315
51306
51297
51285
51210
51205
51200
51135
51077
51055
51050
51009
51006
50987
50977
50905
50725
50691
50676
50673
50650
50619
50604
50587
50551
50464
50460
50447
50435
50335
50257
50245
50201
50184
50168
50041
49999
49955
49929
49903
49899
49887
49840
49820
49809
49803
49718
49715
49654
49642
49628
49580
49578
49574
49571
49550
49544
49520
49489
49480
49427
49423
49391
49369
49339
49305
49262
49225
49174
49171
49161
49124
49101
49074
49070
49002
48968
48962
48948
48839
48809
48809
48752
48702
48635
48619
48614
48561
48528
48502
48494
48475
48472
48413
48411
48404
48402
48371
48331
48261
48238
48223
48202
48197
48062
48059
48021
47983
47962
47956
47924
47921
47849
47824
47818
47778
47737
47699
47673
47671
47619
47619
47608
47599
47589
47574
47550
47530
47519
47490
47487
47392
47389
47332
47325
47324
47316
47267
47254
47194
47190
47128
47110
47094
47084
47063
47055
47051
47021
46902
46877
46854
46847
46837
46810
46797
46768
46752
46747
46717
46691
46646
46621
46561
46560
46464
46446
46407
46399
46386
46382
46369
46298
46287
46271
46253
46252
46240
46193
46145
46112
46108
46093
46085
46053
46044
46024
45995
45987
45918
45799
45788
45758
45744
45735
45733
45696
45695
45689
45680
45638
45581
45567
45558
45524
45463
45457
45447
45438
45424
45375
45309
45281
45281
45269
45264
45251
45248
45241
45215
45181
45123
45123
45107
45100
44958
44943
44925
44877
44856
44825
44822
44817
44813
44742
44675
44659
44629
44625
44568
44551
44487
44473
44454
44453
44441
44411
44411
44401
44397
44368
44354
44316
44293
44279
44260
44256
44253
44248
44208
44175
44135
44127
44097
44066
44052
44021
43998
43985
43982
43978
43966
43960
43949
43949
43942
43919
43892
43885
43847
43838
43837
43784
43682
43611
43609
43605
43603
43561
43533
43529
43503
43494
43454
43431
43405
43402
43305
43233
43177
43176
43143
43081
43071
43055
43044
42938
42935
42903
42899
42888
42862
42829
42801
42767
42699
42696
42695
42657
42656
42649
42641
42635
42613
42601
42597
42596
42559
42480
42461
42434
42347
42329
42271
42255
42245
42233
42223
42216
42207
42203
42188
42152
42102
42082
42075
42072
42017
41992
41987
41921
41911
41884
41825
41750
41745
41729
41728
41725
41704
41692
41617
41499
41490
41479
41431
41349
41339
41335
41319
41312
41303
41287
41281
41278
41232
41203
41195
41185
41152
41145
41117
41105
41104
41101
41099
41080
41073
41029
40983
40935
40926
40860
40843
40827
40818
40812
40810
40787
40772
40752
40713
40691
40691
40669
40661
40657
40639
40614
40597
40545
40523
40487
40483
40483
40479
40477
40476
40449
40414
40383
40380
40372
40351
40347
40314
40278
40262
40222
40214
40200
40180
40169
40165
40161
40160
40157
40157
40127
40117
40089
40080
40060
40014
39957
39933
39915
39911
39908
39900
39871
39858
39847
39846
39843
39842
39831
39813
39808
39774
39757
39722
39713
39697
39660
39660
39591
39586
39576
39566
39561
39534
39519
39479
39463
39426
39411
39401
39397
39324
39316
39278
39257
39251
39201
39198
39180
39108
39093
39085
39051
39048
38991
38990
38967
38956
38949
38941
38883
38875
38859
38836
38810
38686
38668
38650
38632
38629
38575
38557
38550
38536
38535
38527
38525
38510
38505
38474
38463
38423
38402
38361
38355
38353
38321
38303
38301
38284
38240
38201
38187
38185
38165
38164
38156
38151
38142
38131
38110
38039
38037
38033
38021
38004
37996
37991
37965
37923
37913
37878
37832
37816
37795
37787
37771
37764
37740
37736
37731
37703
37700
37688
37673
37666
37665
37658
37642
37623
37611
37593
37580
37542
37529
37514
37462
37437
37392
37376
37338
37330
37324
37314
37273
37264
37259
37241
37219
37214
37208
37161
37158
37142
37133
37131
37127
37113
37112
37107
37089
37051
37040
37036
37032
37019
36985
36973
36916
36888
36880
36873
36778
36775
36767
36747
36725
36699
36654
36642
36635
36628
36563
36562
36515
36513
36482
36471
36450
36439
36414
36382
36381
36355
36336
36312
36312
36288
36285
36267
36256
36256
36238
36237
36221
36182
36158
36155
36155
36123
36120
36088
36080
36006
35996
35977
35959
35957
35917
35896
35881
35854
35848
35843
35830
35809
35807
35805
35777
35777
35725
35703
35671
35631
35618
35542
35536
35520
35509
35506
35494
35491
35449
35448
35384
35352
35310
35281
35281
35276
35270
35240
35233
35180
35177
35152
35122
35100
35094
35090
35089
35058
35025
34986
34966
34953
34932
34923
34920
34911
34854
34847
34842
34841
34841
34791
34790
34761
34748
34699
34626
34619
34616
34593
34548
34546
34522
34514
34512
34501
34483
34454
34419
34395
34362
34350
34347
34328
34328
34290
34282
34277
34223
34163
34154
34145
34144
34143
34136
34114
34107
34067
34063
34042
34023
33999
33988
33961
33958
33947
33937
33915
33876
33808
33788
33779
33722
33700
33692
33687
33684
33679
33648
33589
33588
33575
33479
33464
33464
33454
33434
33396
33393
33392
33382
33374
33362
33290
33275
33218
33215
33203
33203
33167
33148
33135
33108
33084
33080
33059
33059
33033
33032
33008
33008
33000
32957
32951
32925
32919
32901
32858
32835
32809
32782
32752
32731
32720
32714
32668
32666
32665
32616
32602
32602
32586
32580
32565
32519
32509
32502
32487
32472
32455
32450
32404
32402
32388
32341
32326
32324
32284
32284
32278
32248
32242
32240
32199
32182
32177
32133
32114
32052
32050
32038
32031
32029
32022
32009
31995
31990
31980
31968
31949
31934
31928
31920
31857
31847
31834
31804
31802
31786
31775
31770
31752
31743
31736
31726
31725
31700
31696
31688
31688
31679
31661
31632
31621
31606
31586
31568
31553
31550
31522
31518
31489
31472
31472
31472
31465
31408
31390
31382
31356
31351
31347
31347
31343
31335
31324
31322
31290
31268
31254
31233
31211
31210
31207
31184
31181
31165
31144
31135
31131
31105
31102
31093
31085
31055
31006
31001
30976
30971
30965
30933
30925
30909
30891
30885
30872
30872
30843
30835
30812
30803
30800
30798
30750
30737
30706
30699
30695
30692
30679
30650
30643
30625
30622
30600
30545
30537
30525
30487
30485
30483
30481
30450
30448
30431
30400
30399
30389
30323
30312
30295
30294
30292
30288
30249
30244
30238
30233
30227
30202
30186
30184
30177
30165
30125
30120
30110
30106
30102
30093
30027
30019
30010
29999
29992
29987
29984
29965
29930
29915
29905
29900
29891
29884
29884
29862
29855
29830
29817
29813
29806
29802
29791
29791
29758
29755
29747
29746
29741
29704
29703
29680
29679
29667
29662
29642
29598
29567
29544
29534
29470
29453
29451
29445
29445
29406
29405
29404
29381
29369
29362
29359
29346
29345
29333
29331
29324
29319
29317
29302
29288
29284
29272
29260
29253
29218
29188
29178
29158
29121
29103
29094
29093
29086
29053
29045
29037
29022
29014
29002
28977
28974
28972
28942
28923
28919
28880
28852
28840
28833
28821
28805
28802
28802
28795
28794
28790
28741
28733
28730
28722
28720
28717
28689
28684
28678
28678
28660
28623
28608
28584
28565
28560
28547
28544
28530
28527
28505
28491
28478
28468
28450
28450
28433
28407
28369
28357
28352
28345
28324
28321
28297
28295
28267
28240
28237
28226
28214
28207
28162
28149
28146
28146
28136
28136
28131
28120
28114
28109
28106
28105
28103
28101
28082
28082
28072
28063
28043
28028
28020
28018
28017
27969
27952
27931
27910
27885
27883
27878
27877
27874
27866
27862
27855
27851
27839
27830
27825
27825
27819
27813
27812
27777
27775
27766
27765
27765
27750
27737
27727
27713
27693
27690
27679
27665
27662
27660
27637
27624
27611
27586
27579
27563
27546
27544
27534
27506
27504
27495
27484
27484
27457
27452
27445
27404
27403
27385
27380
27351
27345
27340
27321
27321
27302
27296
27285
27276
27261
27258
27249
27238
27230
27221
27216
27210
27208
27203
27202
27201
27199
27191
27188
27174
27162
27160
27159
27141
27132
27110
27100
27081
27076
27064
27037
27037
27037
27034
27018
26996
26961
26960
26960
26915
26908
26901
26897
26858
26838
26834
26832
26815
26789
26788
26783
26781
26770
26767
26757
26753
26748
26727
26715
26696
26694
26689
26650
26627
26605
26602
26592
26582
26574
26556
26542
26535
26518
26513
26511
26507
26504
26488
26480
26479
26478
26468
26447
26403
26381
26375
26362
26352
26350
26346
26343
26342
26341
26318
26306
26299
26283
26269
26239
26230
26210
26203
26202
26199
26184
26184
26177
26158
26151
26145
26143
26139
26128
26112
26093
26091
26089
26070
26043
26040
26037
26023
26022
26014
26013
26013
25980
25971
25968
25962
25926
25915
25914
25912
25910
25905
25902
25876
25870
25863
25843
25825
25822
25785
25779
25774
25770
25768
25765
25764
25759
25737
25718
25715
25714
25710
25667
25667
25642
25616
25582
25580
25533
25512
25421
25416
25411
25410
25408
25393
25366
25363
25339
25337
25313
25307
25290
25289
25283
25279
25251
25212
25210
25203
25169
25165
25156
25153
25150
25120
25107
25103
25071
25045
25028
25010
25009
24995
24988
24987
24976
24963
24960
24957
24955
24952
24952
24950
24932
24925
24922
24907
24887
24878
24870
24850
24845
24817
24805
24802
24790
24775
24755
24752
24726
24721
24717
24711
24702
24692
24671
24658
24654
24653
24639
24634
24620
24612
24599
24596
24594
24578
24576
24575
24561
24553
24552
24533
24520
24516
24510
24507
24481
24476
24466
24465
24454
24438
24386
24372
24366
24366
24365
24349
24349
24343
24340
24337
24324
24297
24296
24270
24263
24261
24259
24249
24244
24241
24241
24220
24215
24197
24196
24189
24181
24178
24177
24176
24170
24165
24146
24110
24105
24102
24099
24080
24065
24050
24039
24036
24033
24030
24029
24015
24014
23980
23956
23953
23950
23919
23918
23902
23900
23892
23868
23866
23826
23785
23779
23775
23756
23749
23733
23730
23730
23719
23711
23704
23702
23694
23688
23680
23669
23665
23635
23628
23620
23616
23614
23609
23609
23605
23571
23570
23561
23556
23553
23553
23550
23542
23541
23534
23529
23524
23523
23516
23510
23508
23506
23493
23492
23489
23483
23476
23465
23459
23446
23435
23421
23376
23376
23368
23365
23364
23335
23335
23327
23320
23309
23304
23302
23299
23294
23259
23245
23241
23229
23227
23220
23215
23215
23213
23208
23205
23183
23168
23160
23152
23150
23135
23128
23124
23121
23113
23099
23094
23094
23090
23082
23071
23042
23040
23033
23020
23020
23018
23010
22992
22991
22987
22985
22982
22981
22936
22933
22922
22903
22901
22900
22872
22868
22844
22844
22841
22823
22808
22789
22780
22770
22753
22749
22749
22741
22736
22735
22734
22726
22696
22691
22683
22673
22658
22647
22647
22639
22638
22628
22592
22586
22586
22584
22575
22574
22548
22547
22538
22525
22522
22519
22518
22502
22499
22496
22488
22482
22480
22465
22454
22446
22419
22419
22416
22410
22410
22402
22396
22374
22366
22364
22363
22362
22355
22346
22346
22333
22328
22328
22326
22305
22298
22289
22286
22282
22272
22260
22255
22252
22247
22245
22228
22222
22208
22207
22198
22174
22170
22166
22163
22162
22160
22153
22149
22122
22120
22120
22089
22087
22082
22075
22064
22059
22057
22056
22052
22052
22033
22014
22012
21975
21947
21929
21925
21921
21915
21910
21907
21895
21881
21868
21857
21851
21847
21836
21836
21827
21813
21804
21803
21803
21802
21798
21776
21769
21767
21762
21760
21755
21749
21748
21741
21735
21729
21718
21717
21713
21707
21703
21695
21681
21661
21659
21649
21647
21647
21635
21631
21621
21615
21607
21575
21573
21572
21561
21552
21522
21519
21516
21515
21511
21498
21497
21495
21432
21431
21427
21414
21412
21409
21404
21403
21398
21397
21391
21381
21378
21377
21374
21374
21361
21357
21352
21348
21347
21339
21334
21329
21326
21323
21309
21306
21300
21293
21291
21282
21275
21268
21264
21264
21243
21238
21222
21200
21197
21196
21193
21177
21177
21173
21166
21155
21154
21142
21136
21135
21134
21130
21128
21126
21124
21122
21120
21119
21097
21090
21090
21086
21084
21083
21073
21071
21067
21052
21049
21046
21028
21027
21022
21014
21010
21003
20999
20994
20981
20972
20964
20950
20947
20945
20942
20938
20934
20897
20895
20895
20894
20882
20870
20866
20863
20847
20843
20819
20818
20814
20813
20803
20802
20795
20783
20774
20756
20753
20752
20747
20744
20734
20722
20717
20715
20709
20701
20700
20700
20698
20696
20695
20692
20690
20679
20661
20650
20649
20633
20628
20628
20622
20613
20613
20602
20599
20588
20587
20576
20573
20559
20548
20499
20495
20495
20493
20492
20491
20488
20487
20484
20479
20448
20441
20440
20435
20431
20423
20419
20419
20409
20405
20381
20362
20357
20353
20342
20328
20315
20302
20288
20246
20243
20229
20219
20216
20213
20213
20212
20210
20208
20196
20192
20191
20190
20187
20185
20176
20161
20158
20152
20146
20124
20119
20107
20085
20076
20071
20053
20048
20043
20040
20031
20030
20024
20017
20016
20006
20004
20002
19999
19991
19976
19971
19966
19953
19916
19900
19900
19892
19883
19878
19874
19873
19868
19866
19866
19866
19858
19854
19847
19814
19793
19771
19769
19767
19751
19736
19722
19722
19721
19714
19713
19693
19690
19689
19687
19681
19655
19648
19647
19639
19637
19628
19605
19593
19563
19549
19547
19541
19525
19508
19496
19486
19478
19452
19451
19425
19417
19405
19398
19375
19374
19371
19371
19369
19360
19347
19337
19337
19335
19332
19327
19324
19316
19313
19310
19307
19294
19291
19279
19278
19276
19263
19251
19245
19236
19235
19228
19226
19226
19221
19215
19215
19211
19209
19206
19192
19175
19173
19167
19161
19157
19153
19149
19147
19143
19141
19137
19137
19135
19130
19121
19117
19116
19111
19109
19099
19096
19093
19090
19087
19087
19068
19061
19060
19041
19038
19029
19023
19020
19005
19003
18995
18991
18971
18965
18962
18961
18940
18937
18927
18920
18909
18908
18904
18897
18891
18873
18858
18857
18857
18855
18848
18847
18847
18837
18836
18834
18829
18824
18823
18820
18816
18814
18810
18806
18755
18753
18747
18734
18723
18722
18721
18719
18707
18702
18700
18688
18670
18669
18661
18660
18659
18652
18642
18634
18632
18625
18614
18598
18597
18594
18586
18586
18582
18575
18573
18570
18568
18567
18564
18563
18563
18559
18548
18548
18546
18543
18541
18541
18529
18527
18525
18508
18503
18497
18494
18488
18477
18469
18462
18457
18454
18441
18431
18427
18397
18391
18390
18389
18389
18382
18381
18376
18366
18344
18339
18336
18328
18325
18324
18324
18321
18317
18311
18310
18306
18299
18296
18291
18275
18274
18271
18264
18253
18252
18250
18248
18242
18232
18215
18207
18196
18192
18186
18177
18168
18163
18159
18153
18151
18145
18143
18109
18096
18083
18079
18079
18075
18074
18074
18073
18072
18067
18066
18063
18058
18058
18054
18052
18052
18048
18044
18038
18036
18026
18021
18018
18007
18003
18003
18001
17999
17998
17995
17994
17991
17989
17984
17984
17972
17959
17954
17954
17951
17932
17932
17929
17917
17912
17910
17906
17906
17904
17903
17897
17896
17893
17892
17886
17875
17859
17857
17857
17854
17847
17822
17819
17817
17813
17805
17793
17783
17773
17772
17768
17758
17753
17748
17745
17743
17739
17737
17730
17725
17723
17715
17715
17714
17712
17710
17698
17677
17666
17654
17654
17654
17639
17636
17631
17629
17628
17614
17612
17608
17605
17603
17600
17584
17576
17560
17552
17544
17543
17541
17538
17537
17526
17526
17521
17519
17518
17507
17501
17495
17494
17472
17467
17465
17464
17464
17463
17460
17453
17452
17440
17437
17429
17423
17420
17416
17415
17401
17393
17393
17392
17392
17373
17358
17354
17343
17342
17329
17321
17314
17308
17302
17294
17290
17287
17287
17285
17280
17278
17276
17276
17275
17268
17262
17260
17248
17245
17245
17240
17234
17233
17233
17230
17229
17228
17226
17221
17210
17210
17192
17169
17166
17163
17163
17162
17161
17161
17140
17127
17126
17125
17122
17113
17113
17112
17112
17111
17103
17096
17090
17086
17080
17075
17065
17063
17060
17056
17037
17037
17036
17032
17031
17029
17016
17008
17006
17005
17003
16999
16995
16994
16992
16985
16984
16984
16983
16971
16954
16950
16944
16940
16936
16933
16931
16929
16926
16926
16918
16914
16913
16903
16901
16892
16885
16872
16870
16869
16864
16863
16859
16858
16850
16848
16843
16834
16834
16833
16832
16825
16816
16813
16811
16802
16801
16800
16791
16791
16790
16786
16785
16783
16783
16779
16776
16768
16766
16766
16757
16756
16753
16749
16742
16739
16734
16734
16721
16720
16688
16683
16681
16644
16644
16641
16635
16634
16631
16616
16611
16607
16592
16590
16575
16571
16566
16563
16560
16558
16556
16552
16547
16544
16531
16529
16522
16519
16501
16495
16494
16475
16473
16471
16466
16455
16450
16435
16431
16427
16427
16426
16418
16411
16408
16401
16401
16398
16392
16390
16382
16382
16376
16363
16363
16356
16353
16348
16343
16332
16329
16326
16325
16321
16319
16317
16317
16310
16303
16280
16265
16260
16254
16253
16252
16249
16249
16248
16247
16243
16242
16237
16235
16222
16219
16215
16205
16204
16200
16198
16176
16169
16152
16147
16145
16144
16143
16132
16130
16129
16126
16124
16114
16113
16105
16103
16094
16094
16088
16080
16077
16075
16071
16062
16054
16054
16053
16048
16044
16042
16035
16028
16027
16021
16018
16018
16016
16004
16000
15999
15994
15992
15984
15980
15978
15973
15972
15970
15954
15954
15945
15944
15935
15931
15913
15912
15910
15909
15904
15894
15894
15893
15885
15885
15883
15882
15873
15863
15859
15854
15850
15846
15845
15834
15823
15822
15818
15814
15802
15785
15784
15780
15778
15774
15769
15768
15764
15760
15760
15755
15748
15748
15745
15738
15736
15732
15731
15722
15721
15716
15705
15701
15696
15694
15692
15677
15677
15677
15674
15670
15668
15667
15666
15665
15665
15656
15645
15641
15633
15632
15630
15626
15620
15616
15615
15615
15609
15608
15601
15597
15579
15568
15567
15563
15560
15557
15557
15545
15533
15523
15522
15510
15496
15492
15491
15481
15474
15470
15470
15468
15466
15465
15461
15459
15448
15448
15447
15446
15446
15438
15432
15430
15429
15428
15427
15425
15425
15420
15416
15408
15402
15401
15393
15389
15385
15379
15374
15372
15365
15352
15338
15329
15329
15325
15321
15318
15315
15313
15304
15302
15290
15289
15285
15284
15280
15272
15271
15253
15252
15248
15246
15239
15236
15233
15228
15225
15223
15221
15217
15217
15212
15207
15206
15202
15202
15191
15186
15173
15172
15171
15168
15166
15162
15159
15158
15157
15157
15151
15151
15144
15141
15139
15138
15130
15123
15120
15109
15107
15092
15090
15086
15085
15067
15065
15060
15056
15050
15046
15041
15031
15022
15021
15019
15015
15010
15009
15007
15005
14994
14994
14994
14993
14984
14979
14975
14974
14966
14958
14954
14948
14945
14940
14938
14935
14934
14933
14923
14918
14912
14904
14893
14892
14883
14882
14882
14878
14878
14875
14871
14870
14868
14866
14846
14840
14840
14836
14830
14830
14830
14829
14821
14821
14813
14802
14801
14795
14786
14783
14779
14772
14763
14758
14756
14753
14750
14749
14748
14743
14738
14734
14732
14728
14726
14726
14707
14706
14705
14703
14701
14690
14689
14688
14686
14682
14682
14674
14668
14658
14657
14652
14649
14644
14639
14636
14624
14620
14619
14618
14617
14617
14614
14613
14610
14601
14598
14594
14578
14575
14571
14568
14566
14560
14555
14553
14548
14545
14540
14537
14533
14518
14517
14517
14510
14505
14503
14502
14495
14492
14488
14473
14470
14468
14463
14461
14461
14459
14459
14456
14454
14452
14448
14446
14432
14431
14428
14418
14416
14410
14408
14405
14402
14393
14391
14390
14388
14383
14375
14370
14367
14365
14359
14359
14357
14356
14355
14351
14341
14341
14340
14335
14329
14325
14324
14313
14313
14309
14302
14296
14289
14283
14277
14273
14270
14270
14264
14261
14257
14257
14253
14252
14247
14246
14237
14235
14234
14226
14226
14225
14222
14213
14209
14207
14207
14206
14205
14200
14200
14192
14192
14188
14184
14179
14175
14173
14166
14161
14155
14141
14140
14139
14136
14135
14125
14122
14122
14121
14119
14117
14115
14113
14109
14108
14105
14105
14101
14095
14088
14071
14071
14067
14063
14062
14056
14055
14041
14032
14027
14013
14008
14001
13996
13992
13988
13976
13969
13969
13966
13965
13963
13960
13957
13955
13947
13947
13943
13932
13923
13920
13920
13918
13917
13917
13914
13910
13909
13902
13898
13885
13883
13879
13876
13869
13866
13858
13856
13855
13852
13852
13851
13849
13849
13845
13840
13836
13830
13817
13808
13805
13802
13799
13795
13785
13784
13783
13779
13776
13775
13772
13772
13764
13763
13760
13757
13754
13754
13751
13747
13743
13742
13739
13738
13734
13734
13732
13730
13729
13724
13723
13723
13720
13718
13711
13711
13707
13703
13700
13696
13688
13686
13684
13681
13679
13676
13670
13670
13669
13666
13662
13661
13658
13656
13654
13651
13648
13647
13642
13642
13642
13639
13638
13616
13612
13609
13609
13604
13602
13601
13595
13592
13575
13567
13567
13555
13554
13543
13538
13536
13533
13533
13519
13518
13517
13515
13515
13511
13510
13510
13509
13507
13501
13497
13496
13492
13481
13478
13478
13476
13468
13462
13459
13455
13454
13451
13438
13435
13435
13434
13432
13422
13420
13419
13418
13413
13412
13411
13407
13405
13405
13403
13401
13393
13392
13384
13377
13376
13367
13364
13357
13355
13345
13344
13340
13333
13330
13329
13325
13323
13321
13321
13317
13302
13291
13291
13288
13287
13286
13285
13279
13279
13278
13273
13268
13267
13267
13259
13257
13246
13245
13242
13241
13238
13236
13236
13236
13235
13234
13233
13231
13229
13229
13227
13226
13218
13217
13208
13204
13203
13202
13189
13185
13183
13180
13176
13172
13171
13162
13158
13154
13151
13147
13145
13145
13144
13141
13139
13139
13128
13128
13121
13120
13119
13117
13117
13113
13105
13104
13103
13095
13092
13080
13078
13075
13066
13066
13065
13064
13060
13053
13052
13049
13045
13045
13043
13042
13041
13041
13040
13025
13023
13023
13018
13010
13009
13007
13006
13002
12999
12992
12990
12988
12987
12982
12980
12978
12976
12970
12965
12962
12959
12959
12958
12957
12957
12955
12955
12952
12951
12951
12950
12950
12948
12942
12937
12935
12923
12921
12920
12919
12916
12912
12910
12904
12903
12895
12891
12889
12885
12871
12869
12863
12855
12855
12851
12848
12845
12840
12837
12829
12826
12817
12817
12814
12811
12809
12805
12802
12792
12791
12785
12781
12779
12775
12769
12760
12757
12756
12755
12753
12751
12745
12744
12738
12736
12735
12734
12730
12726
12723
12716
12713
12709
12708
12706
12692
12692
12691
12688
12685
12671
12667
12662
12655
12654
12653
12652
12643
12642
12638
12638
12631
12629
12620
12618
12617
12616
12612
12609
12606
12603
12600
12600
12600
12599
12590
12589
12588
12584
12582
12576
12576
12574
12571
12568
12562
12561
12560
12559
12556
12541
12537
12535
12529
12529
12528
12528
12520
12518
12513
12510
12509
12508
12501
12498
12496
12495
12493
12487
12481
12481
12478
12476
12474
12471
12466
12465
12456
12455
12446
12444
12443
12435
12432
12427
12417
12412
12409
12398
12397
12395
12394
12393
12393
12393
12392
12390
12386
12386
12385
12383
12381
12378
12375
12374
12373
12358
12356
12355
12345
12344
12340
12333
12332
12325
12325
12317
12312
12309
12308
12308
12304
12302
12302
12293
12293
12291
12284
12284
12276
12275
12273
12272
12259
12251
12250
12244
12243
12243
12241
12238
12237
12235
12233
12233
12226
12226
12219
12217
12213
12204
12204
12202
12201
12193
12193
12193
12188
12187
12185
12182
12182
12178
12177
12176
12174
12173
12170
12165
12164
12163
12158
12149
12146
12144
12143
12136
12135
12131
12128
12127
12123
12120
12116
12115
12114
12108
12101
12099
12099
12098
12096
12095
12094
12094
12091
12091
12090
12090
12086
12086
12083
12080
12079
12075
12071
12065
12063
12060
12059
12054
12049
12048
12048
12037
12036
12027
12026
12026
12023
12017
12011
12010
12009
12008
12006
12000
11999
11999
11995
11995
11994
11990
11988
11984
11981
11979
11976
11976
11974
11972
11972
11965
11963
11957
11955
11951
11936
11929
11929
11927
11927
11921
11916
11911
11905
11901
11901
11896
11890
11889
11881
11879
11874
11873
11869
11867
11865
11861
11858
11855
11855
11851
11849
11847
11844
11844
11837
11836
11835
11831
11830
11829
11828
11824
11821
11817
11815
11814
11811
11806
11799
11798
11798
11796
11795
11793
11792
11788
11788
11785
11782
11779
11777
11776
11775
11772
11771
11771
11767
11762
11754
11753
11753
11752
11751
11750
11746
11745
11740
11731
11730
11727
11725
11722
11719
11718
11718
11718
11715
11713
11711
11711
11709
11702
11697
11695
11692
11691
11689
11685
11681
11678
11678
11669
11668
11666
11666
11666
11666
11655
11654
11647
11647
11647
11639
11636
11632
11632
11628
11620
11616
11612
11612
11609
11604
11604
11599
11598
11586
11582
11579
11575
11573
11570
11568
11567
11560
11551
11550
11549
11545
11542
11541
11541
11537
11537
11535
11533
11527
11524
11522
11522
11515
11507
11507
11503
11502
11496
11494
11492
11492
11488
11483
11481
11477
11476
11461
11446
11444
11443
11442
11442
11440
11429
11427
11426
11425
11422
11417
11417
11413
11407
11402
11401
11397
11397
11397
11393
11392
11385
11383
11380
11379
11375
11370
11364
11360
11358
11357
11357
11354
11346
11346
11343
11330
11330
11329
11329
11329
11327
11325
11316
11313
11309
11309
11302
11301
11300
11293
11292
11290
11283
11274
11274
11266
11266
11248
11246
11242
11242
11241
11240
11239
11238
11238
11237
11231
11230
11225
11224
11222
11220
11216
11215
11215
11213
11208
11205
11205
11204
11204
11197
11197
11192
11183
11180
11176
11176
11173
11172
11172
11170
11169
11169
11166
11166
11166
11163
11158
11158
11156
11154
11152
11147
11146
11146
11145
11141
11138
11136
11134
11128
11128
11127
11123
11111
11111
11111
11110
11105
11103
11099
11097
11096
11082
11076
11074
11074
11067
11065
11062
11061
11057
11049
11048
11048
11047
11045
11045
11041
11041
11038
11033
11031
11022
11015
11011
11007
11006
11004
10996
10995
10992
10986
10984
10984
10984
10981
10979
10976
10976
10975
10973
10973
10973
10970
10970
10966
10947
10946
10944
10944
10942
10935
10931
10929
10927
10927
10922
10921
10921
10905
10901
10898
10892
10890
10888
10886
10884
10881
10879
10878
10874
10868
10865
10856
10851
10850
10848
10845
10836
10836
10834
10826
10824
10819
10819
10818
10817
10816
10811
10809
10804
10797
10796
10796
10795
10789
10784
10783
10778
10776
10761
10760
10759
10755
10751
10742
10740
10739
10738
10736
10735
10730
10729
10725
10723
10721
10719
10715
10715
10711
10711
10710
10704
10704
10699
10698
10698
10696
10694
10692
10689
10686
10682
10681
10681
10677
10670
10662
10661
10660
10659
10658
10655
10655
10654
10653
10649
10647
10646
10645
10643
10639
10634
10633
10632
10632
10625
10620
10615
10612
10609
10601
10598
10598
10598
10597
10594
10592
10591
10590
10586
10586
10586
10584
10582
10581
10575
10572
10571
10571
10569
10567
10565
10560
10557
10556
10551
10551
10551
10541
10541
10538
10534
10534
10532
10530
10530
10530
10530
10525
10525
10522
10522
10512
10510
10510
10507
10502
10500
10500
10496
10495
10494
10493
10492
10489
10488
10488
10486
10482
10481
10480
10478
10476
10476
10475
10474
10473
10470
10465
10465
10463
10458
10455
10454
10451
10442
10440
10440
10439
10431
10427
10425
10425
10423
10422
10417
10416
10416
10408
10407
10406
10400
10395
10390
10382
10381
10380
10378
10378
10374
10372
10370
10367
10365
10363
10355
10351
10351
10351
10349
10348
10345
10343
10334
10332
10331
10329
10324
10322
10321
10320
10320
10316
10314
10314
10310
10308
10308
10302
10298
10297
10295
10295
10292
10291
10290
10289
10283
10278
10276
10274
10274
10268
10267
10266
10266
10266
10261
10261
10260
10258
10258
10252
10250
10247
10245
10245
10245
10240
10235
10229
10222
10216
10216
10213
10209
10208
10199
10196
10195
10195
10192
10190
10187
10185
10181
10180
10180
10180
10178
10177
10171
10169
10167
10162
10158
10155
10152
10151
10144
10144
10143
10143
10141
10140
10137
10137
10136
10136
10135
10132
10126
10122
10120
10119
10116
10112
10111
10109
10106
10106
10105
10101
10099
10098
10098
10093
10091
10090
10088
10085
10078
10076
10074
10056
10054
10047
10045
10043
10043
10041
10036
10035
10033
10030
10030
10026
10024
10021
10015
10015
10014
10009
10005
10004
10002
9999
9995
9994
9993
9987
9985
9984
9979
9975
9971
9971
9970
9969
9969
9967
9964
9964
9961
9960
9958
9956
9956
9954
9950
9948
9947
9941
9934
9927
9926
9920
9914
9911
9908
9905
9905
9904
9902
9901
9897
9897
9890
9889
9883
9875
9872
9870
9866
9866
9863
9859
9856
9855
9855
9853
9851
9851
9851
9849
9848
9848
9843
9838
9838
9836
9835
9834
9834
9833
9832
9829
9829
9827
9825
9820
9817
9815
9815
9812
9808
9807
9806
9806
9804
9802
9796
9795
9795
9792
9787
9787
9785
9782
9780
9780
9776
9772
9772
9771
9767
9758
9755
9751
9751
9750
9749
9749
9748
9747
9747
9745
9745
9742
9740
9736
9736
9735
9735
9734
9734
9734
9730
9728
9727
9726
9725
9722
9721
9721
9719
9715
9715
9705
9700
9700
9698
9696
9694
9687
9684
9684
9682
9679
9677
9676
9674
9673
9672
9671
9669
9662
9661
9661
9661
9658
9655
9653
9650
9649
9648
9647
9647
9647
9647
9644
9643
9641
9641
9639
9637
9636
9636
9635
9632
9631
9628
9627
9626
9625
9625
9624
9623
9616
9615
9612
9610
9602
9595
9591
9590
9589
9589
9588
9586
9581
9579
9575
9575
9574
9573
9571
9570
9567
9567
9567
9566
9562
9559
9552
9547
9543
9542
9540
9533
9531
9526
9524
9522
9518
9516
9514
9512
9511
9507
9507
9501
9498
9494
9488
9485
9484
9484
9480
9480
9480
9478
9478
9477
9477
9474
9461
9461
9461
9461
9458
9458
9452
9449
9446
9439
9430
9429
9427
9426
9423
9417
9414
9413
9408
9401
9400
9400
9396
9393
9393
9392
9390
9390
9389
9389
9386
9382
9382
9378
9378
9376
9374
9372
9371
9367
9367
9367
9367
9364
9363
9360
9359
9358
9353
9351
9344
9341
9339
9335
9329
9320
9316
9314
9312
9312
9310
9309
9308
9303
9302
9301
9300
9298
9296
9286
9283
9281
9280
9277
9276
9272
9272
9268
9267
9262
9262
9253
9253
9249
9248
9246
9245
9245
9243
9242
9242
9241
9238
9238
9237
9233
9231
9230
9228
9227
9226
9226
9224
9220
9219
9218
9218
9217
9216
9215
9215
9214
9211
9203
9198
9188
9187
9187
9186
9184
9183
9173
9172
9165
9165
9163
9157
9157
9156
9155
9154
9144
9142
9139
9139
9135
9132
9127
9124
9124
9123
9118
9113
9113
9112
9109
9102
9099
9094
9090
9088
9086
9084
9083
9080
9071
9069
9064
9064
9063
9058
9057
9054
9051
9048
9043
9036
9034
9033
9032
9030
9030
9030
9028
9028
9022
9016
9016
9015
9014
9014
9014
9011
9011
9005
8996
8992
8992
8982
8981
8981
8980
8977
8977
8971
8968
8966
8965
8962
8960
8958
8956
8954
8951
8951
8950
8946
8945
8942
8942
8942
8939
8939
8937
8936
8932
8931
8931
8931
8928
8927
8927
8923
8921
8918
8912
8911
8904
8901
8899
8895
8895
8891
8891
8879
8877
8873
8873
8870
8870
8868
8851
8846
8846
8841
8840
8839
8837
8837
8836
8833
8832
8832
8832
8828
8827
8827
8825
8825
8825
8824
8823
8822
8816
8810
8808
8807
8806
8798
8797
8797
8797
8795
8791
8787
8787
8780
8780
8775
8772
8772
8767
8766
8761
8754
8754
8749
8748
8747
8747
8745
8744
8742
8738
8737
8735
8734
8734
8734
8732
8732
8725
8724
8723
8723
8723
8717
8716
8715
8714
8713
8712
8710
8705
8704
8692
8689
8689
8689
8688
8682
8680
8677
8677
8676
8671
8671
8670
8667
8666
8666
8664
8660
8657
8655
8655
8651
8650
8650
8648
8646
8643
8642
8642
8640
8639
8636
8625
8624
8622
8619
8618
8618
8613
8611
8605
8602
8600
8600
8599
8597
8596
8594
8589
8589
8587
8587
8587
8586
8579
8578
8570
8567
8565
8564
8563
8562
8561
8560
8560
8560
8560
8557
8553
8551
8549
8549
8544
8543
8534
8532
8527
8527
8526
8523
8523
8522
8519
8519
8517
8515
8513
8513
8512
8511
8509
8507
8505
8505
8503
8501
8499
8497
8494
8493
8492
8490
8484
8480
8479
8478
8477
8477
8473
8473
8466
8466
8464
8461
8460
8453
8451
8450
8449
8448
8448
8447
8446
8441
8441
8435
8435
8435
8434
8431
8429
8427
8427
8427
8424
8424
8421
8420
8412
8412
8410
8408
8408
8407
8406
8406
8405
8405
8403
8397
8397
8393
8387
8387
8386
8384
8383
8383
8382
8381
8379
8378
8377
8375
8374
8374
8374
8370
8369
8369
8365
8364
8364
8361
8353
8352
8347
8345
8345
8341
8340
8338
8337
8337
8336
8335
8334
8331
8329
8325
8325
8321
8321
8317
8316
8311
8310
8310
8309
8307
8306
8306
8304
8304
8302
8296
8295
8291
8291
8289
8287
8287
8284
8284
8283
8280
8270
8269
8266
8264
8263
8260
8257
8257
8256
8254
8252
8251
8249
8249
8248
8242
8237
8233
8233
8233
8230
8228
8227
8227
8227
8224
8223
8222
8222
8222
8219
8219
8219
8212
8212
8211
8209
8208
8203
8198
8197
8197
8196
8196
8193
8192
8192
8191
8189
8187
8184
8182
8181
8181
8179
8176
8175
8170
8168
8166
8165
8161
8161
8160
8158
8145
8144
8144
8142
8138
8136
8135
8132
8117
8113
8112
8111
8108
8107
8105
8103
8102
8097
8096
8095
8094
8092
8089
8086
8086
8084
8083
8075
8071
8071
8067
8067
8064
8060
8060
8059
8057
8056
8055
8053
8052
8051
8049
8049
8046
8045
8045
8043
8042
8042
8041
8041
8040
8039
8037
8037
8036
8034
8031
8031
8030
8028
8027
8026
8023
8022
8019
8016
8015
8014
8011
8008
8002
8002
7994
7994
7991
7989
7988
7988
7988
7987
7982
7982
7978
7976
7975
7973
7969
7968
7957
7956
7956
7956
7955
7954
7949
7948
7945
7944
7942
7938
7938
7937
7937
7936
7935
7935
7931
7927
7927
7926
7921
7919
7916
7908
7908
7908
7906
7905
7902
7902
7898
7897
7897
7895
7893
7890
7890
7886
7884
7883
7882
7879
7877
7876
7874
7872
7871
7871
7871
7870
7867
7862
7862
7862
7862
7859
7859
7853
7846
7844
7844
7844
7844
7840
7839
7838
7836
7836
7829
7829
7820
7817
7816
7815
7814
7812
7804
7802
7802
7801
7801
7800
7794
7794
7794
7793
7790
7788
7785
7784
7783
7779
7776
7776
7776
7772
7771
7771
7771
7767
7766
7766
7764
7762
7762
7761
7761
7761
7757
7756
7753
7753
7753
7749
7746
7743
7742
7741
7741
7741
7740
7739
7734
7734
7732
7728
7728
7727
7727
7726
7725
7724
7723
7721
7719
7719
7718
7714
7713
7713
7713
7711
7709
7708
7708
7708
7706
7704
7703
7703
7703
7697
7696
7694
7687
7687
7681
7680
7679
7677
7677
7674
7674
7673
7673
7669
7668
7667
7666
7666
7666
7661
7658
7658
7655
7655
7654
7652
7652
7651
7649
7648
7647
7643
7642
7642
7640
7640
7638
7636
7634
7628
7628
7622
7621
7620
7619
7614
7612
7605
7605
7604
7603
7603
7594
7594
7594
7591
7590
7588
7587
7586
7584
7584
7579
7577
7576
7576
7574
7567
7565
7564
7564
7562
7561
7560
7559
7556
7556
7555
7550
7548
7544
7544
7541
7541
7537
7537
7536
7535
7535
7534
7532
7531
7529
7526
7526
7525
7521
7520
7515
7514
7513
7512
7511
7511
7511
7510
7509
7509
7507
7505
7504
7503
7500
7497
7496
7495
7492
7489
7488
7488
7483
7482
7480
7479
7478
7478
7473
7468
7463
7461
7458
7456
7455
7453
7451
7450
7450
7445
7445
7444
7443
7439
7439
7439
7438
7436
7435
7435
7435
7428
7428
7427
7427
7424
7419
7415
7415
7414
7410
7406
7406
7406
7401
7394
7393
7393
7393
7390
7389
7386
7383
7383
7382
7380
7380
7378
7377
7375
7374
7374
7365
7364
7364
7363
7363
7362
7362
7356
7352
7349
7349
7348
7346
7346
7344
7342
7340
7340
7339
7336
7333
7331
7329
7328
7327
7326
7324
7324
7322
7322
7321
7321
7319
7318
7317
7317
7316
7314
7314
7314
7312
7310
7310
7308
7306
7305
7304
7299
7298
7297
7297
7295
7294
7293
7291
7284
7283
7281
7280
7279
7276
7276
7270
7265
7263
7261
7261
7260
7254
7254
7253
7253
7250
7250
7247
7247
7246
7246
7246
7246
7235
7235
7234
7233
7230
7230
7230
7228
7226
7223
7221
7221
7219
7219
7219
7218
7217
7215
7215
7212
7211
7208
7207
7206
7205
7205
7203
7199
7195
7191
7189
7188
7187
7186
7185
7184
7182
7181
7181
7179
7177
7170
7170
7163
7160
7160
7155
7154
7154
7148
7144
7141
7139
7138
7137
7134
7133
7132
7131
7127
7122
7121
7121
7121
7121
7120
7117
7116
7115
7113
7111
7109
7106
7105
7105
7098
7096
7095
7092
7092
7091
7083
7083
7080
7079
7078
7077
7076
7073
7072
7072
7066
7062
7061
7061
7060
7059
7056
7055
7054
7052
7052
7051
7051
7045
7045
7045
7044
7041
7039
7038
7037
7036
7036
7033
7031
7031
7031
7030
7030
7028
7026
7022
7020
7020
7015
7014
7011
7010
7010
7006
7005
7004
7003
7002
7001
7001
6997
6996
6996
6992
6992
6991
6984
6977
6976
6974
6973
6973
6971
6969
6968
6968
6967
6962
6958
6958
6957
6956
6954
6954
6953
6952
6951
6950
6950
6950
6946
6945
6942
6942
6941
6941
6939
6937
6937
6929
6927
6926
6925
6923
6923
6920
6917
6916
6916
6914
6906
6905
6904
6903
6901
6899
6897
6897
6896
6895
6894
6891
6890
6889
6889
6886
6884
6881
6880
6879
6876
6876
6875
6875
6873
6872
6871
6871
6869
6868
6867
6864
6859
6859
6859
6853
6852
6852
6851
6850
6848
6846
6846
6845
6844
6844
6842
6841
6840
6840
6836
6836
6836
6836
6834
6834
6833
6833
6831
6829
6828
6826
6824
6823
6820
6818
6817
6817
6817
6817
6816
6814
6814
6810
6810
6806
6806
6805
6804
6803
6802
6802
6801
6801
6799
6798
6796
6793
6792
6791
6790
6790
6787
6787
6782
6774
6768
6768
6761
6760
6757
6755
6753
6753
6750
6746
6746
6742
6741
6739
6738
6735
6734
6734
6731
6730
6730
6730
6729
6727
6725
6723
6721
6720
6719
6718
6718
6718
6715
6715
6711
6711
6710
6710
6707
6704
6699
6689
6688
6685
6685
6684
6681
6677
6677
6675
6674
6674
6674
6672
6672
6672
6670
6666
6666
6662
6661
6661
6658
6657
6656
6655
6655
6653
6652
6649
6648
6648
6645
6645
6644
6644
6644
6640
6639
6638
6631
6631
6629
6628
6627
6625
6625
6622
6621
6621
6619
6618
6617
6617
6617
6617
6615
6614
6610
6610
6609
6607
6603
6599
6598
6596
6595
6594
6593
6592
6590
6590
6586
6585
6585
6584
6583
6579
6577
6576
6576
6575
6575
6573
6573
6572
6571
6569
6569
6566
6566
6566
6565
6565
6564
6564
6563
6563
6558
6558
6556
6553
6553
6552
6552
6552
6549
6549
6547
6546
6542
6537
6537
6534
6533
6532
6528
6527
6526
6526
6525
6525
6522
6522
6519
6517
6514
6504
6503
6503
6503
6499
6498
6498
6494
6493
6493
6492
6492
6490
6488
6486
6486
6484
6484
6481
6480
6480
6478
6477
6469
6468
6468
6467
6464
6463
6462
6462
6461
6459
6458
6457
6454
6454
6453
6452
6450
6449
6447
6446
6445
6445
6442
6439
6436
6434
6432
6431
6424
6422
6421
6420
6419
6416
6412
6408
6408
6406
6405
6401
6398
6396
6393
6387
6386
6386
6385
6382
6381
6380
6380
6379
6378
6378
6378
6377
6376
6374
6369
6368
6367
6367
6367
6365
6364
6361
6358
6355
6355
6355
6353
6352
6352
6348
6348
6346
6344
6344
6344
6340
6339
6338
6337
6337
6337
6334
6332
6331
6330
6329
6325
6324
6321
6321
6319
6318
6317
6316
6316
6315
6312
6308
6306
6306
6305
6305
6304
6303
6302
6300
6299
6297
6295
6294
6294
6293
6291
6289
6287
6287
6286
6283
6281
6280
6280
6280
6280
6280
6275
6273
6273
6272
6272
6272
6271
6269
6268
6268
6266
6259
6254
6253
6252
6251
6249
6249
6249
6248
6246
6239
6239
6239
6238
6238
6238
6237
6236
6234
6234
6233
6233
6232
6230
6224
6223
6223
6222
6219
6218
6218
6217
6214
6214
6212
6211
6211
6211
6209
6208
6208
6208
6207
6206
6205
6205
6204
6203
6201
6200
6199
6199
6197
6196
6195
6195
6195
6194
6189
6189
6188
6184
6182
6179
6177
6175
6174
6173
6171
6170
6169
6168
6167
6167
6167
6165
6164
6162
6161
6158
6158
6158
6158
6156
6156
6155
6154
6153
6149
6147
6147
6146
6144
6143
6142
6142
6142
6141
6139
6138
6137
6135
6134
6133
6132
6132
6129
6129
6127
6126
6126
6123
6121
6117
6117
6115
6112
6111
6110
6109
6109
6109
6108
6107
6106
6105
6103
6100
6100
6099
6099
6098
6098
6097
6095
6095
6094
6093
6092
6092
6091
6086
6086
6086
6079
6079
6075
6074
6072
6071
6071
6071
6068
6066
6065
6063
6063
6061
6056
6056
6054
6052
6052
6049
6045
6043
6042
6040
6039
6039
6039
6031
6030
6030
6030
6030
6028
6025
6025
6021
6021
6021
6020
6017
6016
6015
6012
6007
6007
6006
6005
6005
6004
6004
6003
6001
5999
5998
5998
5998
5996
5995
5994
5992
5991
5986
5986
5985
5984
5984
5982
5982
5982
5981
5981
5980
5978
5977
5977
5975
5974
5974
5973
5972
5971
5969
5969
5965
5965
5965
5962
5961
5960
5960
5955
5954
5954
5953
5951
5951
5951
5950
5947
5946
5946
5946
5944
5943
5939
5939
5937
5935
5932
5931
5931
5931
5929
5927
5927
5927
5924
5920
5918
5917
5912
5908
5905
5905
5902
5901
5901
5901
5901
5900
5898
5897
5894
5893
5890
5889
5889
5889
5888
5888
5886
5886
5883
5883
5881
5878
5878
5874
5874
5874
5872
5871
5868
5868
5867
5866
5864
5860
5855
5855
5854
5852
5850
5848
5848
5848
5848
5844
5842
5840
5840
5840
5839
5836
5836
5836
5833
5831
5831
5829
5826
5822
5821
5820
5816
5816
5813
5812
5804
5803
5803
5802
5801
5800
5800
5799
5798
5797
5795
5791
5790
5790
5788
5784
5784
5783
5782
5780
5775
5775
5773
5772
5767
5764
5758
5754
5744
5743
5742
5742
5740
5738
5738
5737
5736
5734
5734
5732
5730
5730
5730
5728
5728
5727
5727
5727
5726
5726
5723
5723
5719
5719
5717
5716
5715
5715
5713
5713
5707
5703
5702
5701
5701
5700
5696
5696
5691
5689
5689
5688
5685
5683
5682
5676
5671
5669
5669
5664
5664
5662
5662
5655
5655
5654
5653
5653
5650
5647
5644
5643
5640
5639
5637
5636
5636
5636
5633
5633
5632
5632
5631
5629
5628
5626
5624
5621
5617
5617
5613
5613
5613
5612
5611
5609
5609
5609
5609
5607
5606
5605
5604
5601
5601
5601
5600
5598
5598
5598
5597
5592
5590
5588
5587
5585
5582
5581
5580
5579
5579
5579
5578
5577
5576
5574
5573
5572
5572
5571
5571
5568
5568
5565
5564
5563
5561
5560
5560
5560
5560
5557
5556
5553
5551
5551
5550
5549
5548
5547
5546
5545
5544
5542
5541
5539
5538
5538
5537
5537
5536
5531
5525
5525
5524
5523
5520
5520
5518
5516
5512
5512
5510
5509
5504
5497
5496
5495
5494
5492
5490
5488
5486
5484
5484
5484
5483
5481
5479
5477
5476
5473
5473
5471
5471
5470
5469
5468
5468
5465
5464
5463
5462
5462
5461
5460
5460
5460
5460
5459
5458
5458
5458
5456
5455
5455
5448
5448
5446
5446
5446
5444
5440
5440
5439
5437
5436
5433
5432
5431
5430
5430
5430
5427
5427
5427
5426
5425
5424
5423
5421
5420
5420
5419
5418
5418
5416
5416
5415
5413
5410
5409
5405
5404
5401
5396
5394
5391
5391
5391
5389
5389
5389
5388
5386
5386
5383
5381
5378
5378
5378
5376
5376
5375
5375
5374
5374
5373
5373
5371
5370
5369
5369
5368
5368
5367
5367
5367
5367
5365
5365
5363
5361
5360
5359
5358
5358
5356
5355
5354
5352
5348
5347
5347
5347
5346
5344
5344
5343
5342
5341
5339
5337
5333
5332
5330
5328
5328
5328
5325
5323
5322
5321
5319
5319
5317
5317
5315
5314
5314
5314
5314
5314
5313
5310
5307
5306
5304
5304
5302
5302
5300
5298
5292
5290
5288
5288
5286
5283
5282
5280
5280
5279
5276
5273
5271
5270
5268
5263
5261
5261
5260
5257
5257
5256
5255
5252
5251
5248
5247
5246
5246
5245
5244
5242
5241
5241
5241
5239
5238
5234
5231
5231
5231
5227
5226
5225
5224
5223
5222
5221
5220
5219
5215
5215
5214
5214
5213
5207
5206
5205
5205
5204
5203
5201
5198
5197
5197
5196
5193
5187
5185
5185
5185
5182
5181
5180
5177
5175
5174
5170
5170
5169
5168
5167
5166
5165
5164
5163
5163
5162
5160
5158
5157
5156
5152
5151
5150
5149
5148
5148
5148
5148
5147
5145
5143
5142
5139
5138
5133
5132
5131
5131
5131
5130
5128
5127
5126
5125
5125
5125
5124
5123
5122
5121
5121
5118
5117
5115
5114
5112
5112
5109
5109
5109
5107
5104
5102
5102
5102
5102
5100
5100
5100
5097
5094
5092
5092
5092
5091
5091
5091
5090
5090
5088
5087
5087
5086
5084
5079
5078
5074
5069
5068
5066
5066
5066
5062
5062
5061
5061
5060
5057
5056
5055
5053
5053
5051
5050
5049
5049
5049
5048
5045
5045
5044
5041
5040
5039
5038
5037
5034
5034
5034
5032
5031
5030
5029
5027
5026
5025
5022
5022
5022
5018
5015
5012
5007
5007
5007
5006
5005
5004
5004
5000
5000
4999
4999
4997
4995
4994
4994
4990
4989
4989
4985
4984
4984
4983
4983
4981
4979
4979
4978
4975
4975
4975
4973
4972
4971
4971
4965
4965
4963
4963
4962
4961
4961
4960
4957
4957
4954
4950
4950
4948
4946
4945
4943
4942
4941
4940
4940
4939
4939
4938
4938
4935
4935
4931
4931
4927
4927
4923
4923
4921
4920
4918
4917
4917
4915
4914
4914
4911
4911
4906
4905
4905
4899
4898
4897
4897
4893
4891
4891
4890
4890
4886
4882
4882
4882
4882
4881
4877
4876
4875
4874
4871
4871
4871
4867
4867
4867
4866
4865
4865
4863
4861
4861
4859
4854
4853
4852
4851
4850
4850
4849
4849
4844
4844
4844
4844
4843
4839
4837
4836
4836
4835
4829
4829
4828
4827
4826
4824
4824
4823
4822
4822
4822
4818
4818
4818
4818
4818
4818
4815
4810
4810
4808
4808
4806
4805
4804
4804
4803
4803
4802
4802
4802
4801
4800
4799
4798
4795
4794
4792
4791
4789
4788
4787
4786
4784
4783
4783
4781
4781
4781
4780
4778
4778
4776
4776
4776
4776
4773
4772
4770
4768
4767
4766
4766
4766
4765
4765
4765
4765
4762
4759
4758
4757
4756
4756
4756
4755
4755
4754
4753
4753
4751
4749
4749
4747
4746
4746
4744
4742
4742
4740
4740
4737
4735
4734
4733
4733
4730
4729
4728
4728
4727
4726
4723
4721
4718
4718
4715
4715
4715
4714
4712
4712
4710
4709
4708
4707
4707
4706
4704
4704
4704
4703
4703
4700
4700
4698
4698
4698
4697
4697
4696
4696
4695
4694
4694
4693
4692
4691
4691
4687
4683
4681
4681
4681
4679
4678
4674
4673
4670
4670
4668
4664
4662
4661
4661
4661
4659
4657
4656
4655
4655
4652
4652
4651
4651
4651
4649
4648
4644
4643
4643
4640
4640
4640
4640
4639
4639
4638
4634
4631
4630
4629
4628
4628
4627
4626
4624
4624
4623
4623
4621
4620
4619
4619
4619
4618
4617
4617
4617
4615
4614
4610
4609
4608
4607
4606
4605
4603
4602
4602
4601
4601
4598
4597
4596
4596
4596
4594
4592
4589
4586
4586
4585
4584
4583
4583
4583
4579
4579
4579
4579
4579
4578
4577
4576
4576
4576
4575
4573
4573
4571
4570
4569
4568
4568
4564
4562
4562
4561
4559
4559
4556
4556
4554
4553
4553
4552
4551
4550
4549
4549
4549
4545
4544
4541
4541
4540
4540
4540
4539
4539
4538
4536
4535
4533
4532
4532
4531
4530
4529
4527
4526
4525
4524
4524
4523
4523
4522
4522
4520
4519
4518
4516
4515
4515
4514
4512
4511
4510
4509
4509
4509
4508
4507
4506
4503
4502
4499
4494
4493
4493
4492
4492
4491
4491
4489
4489
4488
4485
4484
4483
4482
4480
4480
4478
4477
4476
4476
4476
4474
4473
4473
4471
4470
4469
4469
4468
4467
4466
4466
4465
4465
4465
4464
4463
4463
4461
4461
4459
4459
4458
4456
4454
4453
4453
4452
4452
4450
4450
4450
4448
4448
4447
4446
4446
4444
4443
4442
4441
4439
4437
4436
4431
4431
4431
4431
4427
4427
4427
4426
4425
4425
4424
4422
4421
4421
4420
4420
4417
4414
4414
4414
4414
4414
4412
4412
4412
4410
4408
4406
4405
4404
4402
4402
4401
4401
4400
4400
4399
4399
4398
4396
4395
4393
4392
4390
4390
4389
4386
4385
4384
4384
4382
4380
4380
4380
4380
4377
4375
4375
4375
4374
4373
4373
4372
4372
4372
4371
4370
4370
4370
4368
4368
4367
4367
4367
4367
4367
4366
4365
4364
4363
4363
4362
4360
4360
4359
4359
4359
4358
4355
4355
4354
4353
4352
4352
4349
4347
4346
4342
4340
4340
4337
4336
4336
4334
4332
4330
4329
4328
4324
4322
4322
4320
4319
4319
4319
4318
4318
4317
4317
4315
4314
4311
4310
4309
4308
4308
4305
4304
4303
4302
4300
4300
4299
4299
4298
4297
4296
4293
4291
4290
4289
4287
4286
4286
4286
4285
4283
4282
4282
4278
4277
4276
4269
4266
4265
4262
4261
4261
4261
4259
4259
4255
4255
4250
4249
4249
4248
4247
4243
4242
4241
4241
4240
4239
4239
4239
4239
4238
4236
4236
4235
4234
4234
4233
4232
4231
4230
4230
4229
4226
4224
4221
4219
4218
4218
4215
4214
4212
4212
4212
4212
4210
4210
4210
4209
4209
4209
4208
4208
4207
4206
4206
4206
4205
4204
4203
4202
4200
4200
4199
4199
4198
4196
4196
4195
4195
4194
4193
4193
4193
4192
4190
4190
4189
4189
4189
4189
4188
4187
4185
4184
4183
4175
4174
4174
4171
4170
4170
4170
4170
4170
4170
4169
4169
4169
4168
4168
4167
4166
4162
4162
4161
4161
4161
4159
4159
4158
4158
4158
4157
4156
4156
4155
4153
4152
4151
4151
4151
4151
4151
4151
4151
4150
4148
4147
4147
4146
4146
4143
4143
4140
4140
4137
4136
4135
4132
4130
4129
4129
4128
4128
4127
4127
4127
4125
4124
4123
4123
4121
4121
4121
4121
4121
4119
4119
4119
4119
4118
4117
4114
4114
4114
4113
4112
4111
4109
4109
4108
4108
4107
4106
4105
4105
4105
4105
4104
4103
4102
4102
4099
4098
4098
4098
4093
4090
4090
4090
4089
4087
4087
4086
4085
4085
4085
4085
4084
4083
4083
4082
4082
4081
4081
4081
4080
4079
4079
4079
4076
4075
4075
4075
4074
4072
4071
4071
4070
4069
4068
4067
4066
4066
4064
4063
4063
4063
4063
4062
4061
4060
4060
4060
4059
4057
4056
4056
4056
4055
4054
4052
4051
4050
4050
4049
4049
4049
4049
4045
4043
4041
4041
4039
4039
4039
4039
4039
4037
4035
4035
4034
4033
4033
4033
4031
4031
4030
4029
4029
4029
4029
4026
4026
4026
4025
4022
4021
4021
4020
4019
4018
4015
4015
4015
4014
4013
4013
4012
4011
4007
4007
4005
4004
4004
4002
4002
4001
4001
4001
4000
4000
3997
3996
3996
3995
3994
3992
3992
3992
3991
3990
3989
3988
3987
3987
3986
3985
3984
3983
3982
3980
3980
3980
3978
3978
3977
3976
3971
3969
3969
3969
3968
3968
3967
3967
3965
3965
3964
3962
3961
3961
3960
3960
3958
3958
3956
3956
3954
3954
3953
3953
3953
3952
3951
3950
3950
3950
3950
3950
3950
3950
3948
3948
3946
3944
3944
3943
3943
3943
3943
3943
3941
3940
3937
3935
3934
3934
3933
3931
3931
3931
3929
3927
3926
3926
3924
3924
3924
3923
